%YAML:1.0
---
K1: !!opencv-matrix
   rows: 3
   cols: 3
   dt: d
   data: [ 4.9646901476944786e+03, 0., 1.5503586902837417e+03, 0.,
       4.9628352920976076e+03, 1.0032788044432236e+03, 0., 0., 1. ]
K2: !!opencv-matrix
   rows: 3
   cols: 3
   dt: d
   data: [ 4.9586914828799781e+03, 0., 1.5268180856895724e+03, 0.,
       4.9572738795446294e+03, 1.0147338667760118e+03, 0., 0., 1. ]
D1: !!opencv-matrix
   rows: 1
   cols: 5
   dt: d
   data: [ -8.7972783781302577e-02, 4.8183696404042342e-01,
       -3.1490936345593201e-04, -6.5590732186347102e-05,
       1.6627244943971389e+00 ]
D2: !!opencv-matrix
   rows: 1
   cols: 5
   dt: d
   data: [ -7.5122163293241215e-02, 5.0359433012641105e-02,
       -1.0093651025969705e-03, -2.9882134369383116e-04,
       4.5598378597275149e+00 ]
R: !!opencv-matrix
   rows: 3
   cols: 3
   dt: d
   data: [ 9.9997502730207466e-01, 5.9298161658022028e-03,
       3.8447434836080007e-03, -5.9083524424811511e-03,
       9.9996703188852520e-01, -5.5701442951271753e-03,
       -3.8776466613633510e-03, 5.5472890940441947e-03,
       9.9997709545772928e-01 ]
T: [ -2.9176159004466474e+01, -3.9984544761590007e-01,
    2.2150716198048777e+00 ]
E: !!opencv-matrix
   rows: 3
   cols: 3
   dt: d
   data: [ 1.4637883180153959e-02, -2.2172166513676541e+00,
       -3.8749802079258916e-01, 2.1018814679353572e+00,
       1.7498355615110484e-01, 2.9184007120075229e+01,
       5.7221849271257785e-01, -2.9172826111604913e+01,
       1.6405271881162384e-01 ]
F: !!opencv-matrix
   rows: 3
   cols: 3
   dt: d
   data: [ 1.7828417268614460e-08, -2.7014997491949465e-06,
       3.3958825873662738e-04, 2.5607483951831529e-06,
       2.1326432545206443e-07, 1.7233670609488941e-01,
       8.3021961788239498e-04, -1.7234709176309460e-01, 1. ]
R1: !!opencv-matrix
   rows: 3
   cols: 3
   dt: d
   data: [ 9.9722523321365220e-01, 1.9155816661307334e-02,
       -7.1936700855789168e-02, -1.9364681078230906e-02,
       9.9981005090604314e-01, -2.2070872193124405e-03,
       7.1880757986510682e-02, 3.5939943368941607e-03,
       9.9740675746457186e-01 ]
R2: !!opencv-matrix
   rows: 3
   cols: 3
   dt: d
   data: [ 9.9703734211860040e-01, 1.3663924791750144e-02,
       -7.5695677421914243e-02, -1.3443993371533184e-02,
       9.9990379621186098e-01, 3.4142881154263314e-03,
       7.5735047787027041e-02, -2.3865205623178824e-03,
       9.9712512106370210e-01 ]
P1: !!opencv-matrix
   rows: 3
   cols: 4
   dt: d
   data: [ 4.9600545858211190e+03, 0., 1.9403830718994141e+03, 0., 0.,
       4.9600545858211190e+03, 1.0049333877563477e+03, 0., 0., 0., 1.,
       0. ]
P2: !!opencv-matrix
   rows: 3
   cols: 4
   dt: d
   data: [ 4.9600545858211190e+03, 0., 1.9403830718994141e+03,
       -1.4514535730351391e+05, 0., 4.9600545858211190e+03,
       1.0049333877563477e+03, 0., 0., 0., 1., 0. ]
Q: !!opencv-matrix
   rows: 4
   cols: 4
   dt: d
   data: [ 1., 0., 0., -1.9403830718994141e+03, 0., 1., 0.,
       -1.0049333877563477e+03, 0., 0., 0., 4.9600545858211190e+03, 0.,
       0., 3.4173015782028311e-02, 0. ]
