%YAML:1.0
---
K1: !!opencv-matrix
   rows: 3
   cols: 3
   dt: d
   data: [ 5.1107825923746032e+03, 0., 1.5746786033471374e+03, 0.,
       5.1155225184076589e+03, 7.8487406864664501e+02, 0., 0., 1. ]
K2: !!opencv-matrix
   rows: 3
   cols: 3
   dt: d
   data: [ 5.0628351190970834e+03, 0., 1.5554930685193021e+03, 0.,
       5.0681928801806325e+03, 8.1958463483203514e+02, 0., 0., 1. ]
D1: !!opencv-matrix
   rows: 1
   cols: 5
   dt: d
   data: [ 5.1411511233290762e-02, -3.3385498229867339e+00,
       -1.4754876266833394e-02, -6.0340552398798018e-04,
       5.0349837555256670e+01 ]
D2: !!opencv-matrix
   rows: 1
   cols: 5
   dt: d
   data: [ -8.2216312025664470e-02, 3.7846894141270422e+00,
       -1.4514562376965681e-02, 1.0980803627313228e-03,
       -6.8906901323530818e+01 ]
R: !!opencv-matrix
   rows: 3
   cols: 3
   dt: d
   data: [ 9.9998027542716528e-01, -5.5889189800758131e-03,
       2.8657880669840370e-03, 5.5979789551614178e-03,
       9.9997932815212076e-01, -3.1632104025312376e-03,
       -2.8480498991923652e-03, 3.1791906308462057e-03,
       9.9999089063786195e-01 ]
T: [ -2.9963918241118140e+01, -2.7293367531336560e-01,
    -3.6056253704351588e+00 ]
E: !!opencv-matrix
   rows: 3
   cols: 3
   dt: d
   data: [ 2.0961543670354542e-02, 3.6046831273125930e+00,
       -2.8433654074106857e-01, -3.6908929853409500e+00,
       1.1541255620347245e-01, 2.9953312330775201e+01,
       1.0519090808525114e-01, -2.9964824235756655e+01,
       9.5564347950691547e-02 ]
F: !!opencv-matrix
   rows: 3
   cols: 3
   dt: d
   data: [ -7.7221292168910060e-09, -1.3267170247915244e-06,
       1.5888108258265796e-03, 1.3582693638577322e-06,
       -4.2433115359930624e-08, -5.8441624636668583e-02,
       -1.2973990132412324e-03, 5.7934788885887066e-02,
       9.9999999999999989e-01 ]
R1: !!opencv-matrix
   rows: 3
   cols: 3
   dt: d
   data: [ 9.9248796395219663e-01, 3.8740894775801870e-03,
       1.2228095861884263e-01, -3.6588741208210154e-03,
       9.9999133714899879e-01, -1.9845067713745385e-03,
       -1.2228758747391900e-01, 1.5221884500111699e-03,
       9.9249354098257547e-01 ]
R2: !!opencv-matrix
   rows: 3
   cols: 3
   dt: d
   data: [ 9.9279716689088093e-01, 9.0431357281034377e-03,
       1.1946550594059945e-01, -9.2533596910097000e-03,
       9.9995646059233201e-01, 1.2050950522730559e-03,
       -1.1944940664511108e-01, -2.3018722508677549e-03,
       9.9283762047792667e-01 ]
P1: !!opencv-matrix
   rows: 3
   cols: 4
   dt: d
   data: [ 5.0918576992941453e+03, 0., 1.1019003601074219e+03, 0., 0.,
       5.0918576992941453e+03, 9.6660367584228516e+02, 0., 0., 0., 1.,
       0. ]
P2: !!opencv-matrix
   rows: 3
   cols: 4
   dt: d
   data: [ 5.0918576992941453e+03, 0., 1.1019003601074219e+03,
       -1.5367893149298939e+05, 0., 5.0918576992941453e+03,
       9.6660367584228516e+02, 0., 0., 0., 1., 0. ]
Q: !!opencv-matrix
   rows: 4
   cols: 4
   dt: d
   data: [ 1., 0., 0., -1.1019003601074219e+03, 0., 1., 0.,
       -9.6660367584228516e+02, 0., 0., 0., 5.0918576992941453e+03, 0.,
       0., 3.3133088900520032e-02, 0. ]
