%YAML:1.0
---
K: !!opencv-matrix
   rows: 3
   cols: 3
   dt: d
   data: [ 5.0628351190970834e+03, 0., 1.5554930685193021e+03, 0.,
       5.0681928801806325e+03, 8.1958463483203514e+02, 0., 0., 1. ]
D: !!opencv-matrix
   rows: 1
   cols: 5
   dt: d
   data: [ -8.2216312025664470e-02, 3.7846894141270422e+00,
       -1.4514562376965681e-02, 1.0980803627313228e-03,
       -6.8906901323530818e+01 ]
corners_per_row: 11
corners_per_col: 8
square_size: 15.
