%YAML:1.0
---
K: !!opencv-matrix
   rows: 3
   cols: 3
   dt: d
   data: [ 5.1107825923746032e+03, 0., 1.5746786033471374e+03, 0.,
       5.1155225184076589e+03, 7.8487406864664501e+02, 0., 0., 1. ]
D: !!opencv-matrix
   rows: 1
   cols: 5
   dt: d
   data: [ 5.1411511233290762e-02, -3.3385498229867339e+00,
       -1.4754876266833394e-02, -6.0340552398798018e-04,
       5.0349837555256670e+01 ]
corners_per_row: 11
corners_per_col: 8
square_size: 15.
